0.464
0.371
0.695
0.309
0.811
0.536
0.312
0.554
0.776
0.805
0.6
0.541
0.806
0.923
0.83
0.512
0.738
0.915
0.83
0.609
0.718
0.639
0.53
0.724
0.87
0.815
0.512
0.879
0.822
0.764
0.693
0.509
0.438
0.33
0.701
0.715
0.761
0.494
0.272
0.673
0.8
0.596
0.555
0.473
0.85
0.648
0.737
0.553
0.762
0.825
0.517
0.563
0.766
0.842
0.438
0.383
0.852
0.845
0.418
0.514
0.786
0.79
0.707
0.441
0.424
0.365
0.673
0.622
0.645
0.47
0.328
0.746
0.836
0.733
0.637
0.535
0.88
0.774
0.704
0.544
0.798
0.566
0.701
0.64
0.891
0.822
0.552
0.444
0.745
0.665
0.698
0.518
0.877
0.8
0.598
0.495
0.722
0.576
0.782
0.436
0.989
0.742
0.526
0.722
0.939
0.712
0.785
0.574
0.98
0.948
0.913
0.511
0.972
0.947
0.781
0.677
0.962
0.803
0.77
0.637
0.931
0.79
0.713
0.543
0.914
0.892
0.869
0.581
0.66
0.516
0.757
0.763
0.911
0.708
0.454
0.797
0.968
0.889
0.788
0.563
0.993
0.969
0.901
0.571
0.893
0.992
0.986
0.77
0.913
0.809
0.724
0.936
0.968
0.869
0.845
0.854
0.936
0.897
0.841
0.685
0.712
0.587
0.75
0.802
0.972
0.748
0.545
0.419
0.986
0.822
0.793
0.633
0.973
0.961
0.918
0.493
0.99
0.984
0.954
0.73
0.966
0.793
0.763
0.949
0.934
0.812
0.688
0.636
0.965
0.951
0.876
0.734
0.547
0.454
0.662
0.688
0.748
0.597
0.396
0.539
0.899
0.871
0.664
0.601
0.835
0.933
0.805
0.524
0.869
0.758
0.883
0.702
0.874
0.748
0.455
0.764
0.938
0.89
0.513
0.816
0.802
0.804
0.692
0.564
0.372
0.312
0.616
0.533
0.799
0.411
0.268
0.539
0.612
0.634
0.519
0.502
0.711
0.621
0.609
0.501
0.762
0.62
0.569
0.56
0.746
0.647
0.427
0.382
0.731
0.675
0.706
0.49
0.795
0.718
0.627
0.437
0.412
0.314
0.748
0.603
0.731
0.448
0.272
0.475
0.867
0.789
0.53
0.507
0.835
0.701
0.747
0.379
0.706
0.884
0.78
0.657
0.773
0.646
0.638
0.576
0.877
0.749
0.568
0.714
0.866
0.82
0.775
0.681
0.415
0.343
0.598
0.449
0.824
0.467
0.308
0.62
0.726
0.826
0.574
0.535
0.77
0.873
0.78
0.444
0.909
0.732
0.767
0.737
0.882
0.825
0.838
0.695
0.777
0.689
0.829
0.617
0.915
0.835
0.728
0.619
0.452
0.387
0.578
0.427
0.879
0.499
0.344
0.528
0.931
0.801
0.602
0.445
0.812
0.933
0.662
0.407
0.823
0.784
0.832
0.624
0.829
0.823
0.774
0.636
0.816
0.645
0.827
0.845
0.906
0.868
0.809
0.647
0.491
0.385
0.697
0.49
0.835
0.522
0.347
0.292
0.926
0.828
0.603
0.418
0.784
0.879
0.733
0.382
0.814
0.758
0.85
0.68
0.841
0.595
0.455
0.636
0.9
0.825
0.774
0.871
0.908
0.808
0.705
0.596
0.488
0.422
0.786
0.567
0.9
0.556
0.377
0.719
0.929
0.878
0.605
0.399
0.785
0.669
0.748
0.339
0.718
0.882
0.774
0.701
0.893
0.808
0.867
0.594
0.779
0.646
0.869
0.784
0.866
0.824
0.765
0.581
0.505
0.422
0.704
0.245
0.796
0.535
0.4
0.507
0.891
0.896
0.631
0.443
0.783
0.809
0.74
0.466
0.909
0.943
0.879
0.693
0.746
0.674
0.891
0.648
0.901
0.885
0.539
0.751
0.782
0.757
0.623
0.422
0.513
0.453
0.76
0.603
0.935
0.528
0.42
0.675
0.863
0.826
0.634
0.446
0.921
0.799
0.807
0.552
0.913
0.924
0.76
0.723
0.887
0.876
0.941
0.605
0.884
0.826
0.658
0.563
0.923
0.901
0.751
0.561
0.439
0.33
0.643
0.427
0.759
0.485
0.305
0.539
0.806
0.562
0.625
0.426
0.794
0.599
0.767
0.435
0.869
0.785
0.549
0.616
0.833
0.597
0.597
0.417
0.753
0.64
0.836
0.576
0.86
0.837
0.668
0.563
0.409
0.3
0.74
0.324
0.837
0.434
0.253
0.44
0.75
0.637
0.505
0.357
0.749
0.653
0.719
0.299
0.862
0.6
0.584
0.63
0.765
0.734
0.66
0.298
0.866
0.769
0.657
0.646
0.832
0.741
0.667
0.58
0.397
0.301
0.495
0.565
0.829
0.451
0.254
0.461
0.828
0.55
0.594
0.512
0.818
0.846
0.773
0.512
0.766
0.472
0.481
0.584
0.792
0.738
0.814
0.45
0.74
0.635
0.669
0.692
0.764
0.725
0.627
0.571
0.408
0.289
0.426
0.405
0.753
0.449
0.258
0.398
0.745
0.552
0.52
0.439
0.57
0.564
0.638
0.515
0.838
0.582
0.578
0.564
0.787
0.671
0.289
0.543
0.887
0.593
0.571
0.457
0.801
0.708
0.58
0.451
0.354
0.266
0.561
0.533
0.543
0.376
0.225
0.619
0.764
0.616
0.514
0.493
0.825
0.589
0.562
0.472
0.857
0.651
0.574
0.569
0.678
0.719
0.407
0.365
0.725
0.706
0.522
0.367
0.744
0.672
0.593
0.292
0.414
0.341
0.656
0.615
0.841
0.433
0.291
0.714
0.847
0.736
0.506
0.405
0.881
0.86
0.655
0.552
0.765
0.748
0.712
0.639
0.804
0.812
0.81
0.678
0.86
0.656
0.791
0.8
0.823
0.811
0.712
0.64
0.466
0.347
0.66
0.441
0.683
0.509
0.3
0.475
0.821
0.784
0.561
0.474
0.725
0.744
0.691
0.421
0.854
0.932
0.701
0.545
0.745
0.695
0.579
0.62
0.84
0.832
0.523
0.75
0.755
0.756
0.667
0.51
0.487
0.352
0.717
0.604
0.822
0.496
0.312
0.633
0.738
0.729
0.639
0.469
0.872
0.777
0.841
0.5
0.869
0.736
0.752
0.577
0.867
0.815
0.797
0.599
0.859
0.796
0.758
0.518
0.787
0.749
0.665
0.547
0.476
0.377
0.566
0.614
0.77
0.53
0.321
0.377
0.827
0.834
0.563
0.511
0.774
0.964
0.749
0.358
0.764
0.717
0.849
0.609
0.856
0.673
0.563
0.596
0.781
0.764
0.705
0.782
0.837
0.818
0.779
0.638
0.436
0.334
0.595
0.507
0.905
0.477
0.284
0.431
0.866
0.882
0.626
0.451
0.759
0.946
0.773
0.328
0.819
0.611
0.832
0.712
0.857
0.855
0.684
0.787
0.798
0.549
0.671
0.748
0.863
0.831
0.739
0.547
0.418
0.323
0.709
0.446
0.925
0.466
0.273
0.349
0.825
0.619
0.55
0.397
0.799
0.699
0.76
0.335
0.81
0.793
0.664
0.599
0.777
0.719
0.659
0.482
0.781
0.708
0.853
0.665
0.768
0.749
0.693
0.515
0.441
0.353
0.617
0.346
0.918
0.476
0.3
0.491
0.828
0.825
0.607
0.457
0.834
0.693
0.668
0.423
0.79
0.812
0.891
0.568
0.849
0.748
0.61
0.467
0.891
0.813
0.543
0.615
0.812
0.807
0.705
0.521
0.436
0.333
0.649
0.701
0.866
0.459
0.288
0.677
0.768
0.671
0.592
0.527
0.831
0.813
0.783
0.602
0.919
0.632
0.551
0.645
0.852
0.84
0.763
0.554
0.782
0.675
0.788
0.555
0.856
0.751
0.669
0.554
0.496
0.37
0.651
0.553
0.836
0.526
0.318
0.277
0.76
0.807
0.597
0.463
0.819
0.789
0.738
0.363
0.805
0.766
0.769
0.613
0.839
0.625
0.64
0.673
0.794
0.812
0.591
0.74
0.891
0.823
0.743
0.556
0.44
0.347
0.648
0.545
0.878
0.488
0.318
0.567
0.81
0.662
0.643
0.436
0.858
0.847
0.742
0.416
0.802
0.757
0.69
0.658
0.778
0.819
0.835
0.584
0.808
0.761
0.654
0.698
0.818
0.784
0.702
0.523
0.437
0.335
0.717
0.542
0.853
0.484
0.3
0.553
0.731
0.774
0.545
0.541
0.886
0.82
0.786
0.478
0.791
0.639
0.754
0.661
0.811
0.84
0.891
0.469
0.847
0.777
0.801
0.663
0.85
0.757
0.729
0.572
0.412
0.312
0.545
0.46
0.759
0.454
0.298
0.372
0.799
0.816
0.557
0.416
0.787
0.726
0.706
0.436
0.814
0.913
0.818
0.709
0.797
0.643
0.454
0.746
0.818
0.735
0.574
0.656
0.798
0.76
0.695
0.473
0.437
0.333
0.651
0.536
0.887
0.44
0.302
0.68
0.807
0.786
0.596
0.495
0.948
0.605
0.718
0.504
0.869
0.796
0.606
0.636
0.865
0.721
0.854
0.482
0.802
0.717
0.767
0.53
0.844
0.808
0.77
0.569
0.426
0.332
0.615
0.428
0.722
0.466
0.277
0.447
0.789
0.84
0.548
0.487
0.705
0.777
0.732
0.375
0.728
0.746
0.842
0.653
0.846
0.817
0.666
0.726
0.776
0.594
0.785
0.816
0.861
0.829
0.783
0.54
0.454
0.337
0.748
0.525
0.833
0.497
0.282
0.401
0.849
0.875
0.569
0.477
0.866
0.851
0.687
0.408
0.707
0.756
0.83
0.653
0.817
0.664
0.487
0.668
0.857
0.699
0.728
0.7
0.739
0.731
0.643
0.54
0.435
0.349
0.591
0.479
0.896
0.478
0.312
0.504
0.807
0.751
0.572
0.474
0.834
0.833
0.739
0.294
0.795
0.768
0.782
0.614
0.877
0.789
0.561
0.625
0.806
0.625
0.809
0.872
0.79
0.773
0.65
0.485
0.441
0.359
0.567
0.499
0.846
0.514
0.31
0.427
0.852
0.818
0.605
0.42
0.725
0.664
0.715
0.357
0.848
0.827
0.767
0.725
0.866
0.548
0.505
0.637
0.878
0.839
0.762
0.743
0.811
0.768
0.723
0.549
0.423
0.354
0.689
0.441
0.816
0.444
0.342
0.547
0.628
0.73
0.593
0.409
0.915
0.671
0.775
0.469
0.936
0.707
0.673
0.699
0.874
0.655
0.541
0.464
0.823
0.8
0.585
0.453
0.879
0.788
0.72
0.608
0.447
0.373
0.654
0.624
0.815
0.489
0.318
0.681
0.772
0.615
0.627
0.476
0.93
0.847
0.785
0.597
0.847
0.574
0.529
0.587
0.88
0.861
0.901
0.286
0.793
0.658
0.664
0.526
0.838
0.803
0.703
0.654
0.426
0.349
0.616
0.631
0.867
0.458
0.337
0.643
0.822
0.85
0.608
0.493
0.742
0.926
0.798
0.49
0.752
0.74
0.832
0.573
0.852
0.787
0.542
0.743
0.771
0.725
0.778
0.733
0.832
0.816
0.725
0.545
0.422
0.328
0.762
0.584
0.822
0.492
0.286
0.4
0.885
0.708
0.615
0.476
0.785
0.778
0.772
0.328
0.736
0.804
0.717
0.641
0.748
0.708
0.567
0.595
0.85
0.738
0.883
0.66
0.891
0.82
0.725
0.59
0.46
0.351
0.66
0.286
0.894
0.49
0.29
0.595
0.778
0.749
0.58
0.43
0.855
0.781
0.661
0.395
0.871
0.93
0.638
0.672
0.806
0.676
0.482
0.457
0.808
0.717
0.827
0.78
0.809
0.773
0.692
0.488
0.43
0.352
0.645
0.489
0.86
0.462
0.323
0.416
0.795
0.678
0.554
0.385
0.81
0.56
0.671
0.458
0.9
0.859
0.587
0.607
0.821
0.654
0.515
0.465
0.897
0.815
0.666
0.484
0.859
0.782
0.693
0.518
0.476
0.376
0.712
0.349
0.848
0.49
0.342
0.52
0.837
0.735
0.606
0.423
0.871
0.745
0.802
0.388
0.892
0.722
0.783
0.67
0.834
0.763
0.832
0.56
0.852
0.761
0.816
0.632
0.835
0.793
0.796
0.61
0.453
0.37
0.591
0.539
0.807
0.486
0.332
0.487
0.885
0.747
0.59
0.524
0.885
0.869
0.692
0.4
0.717
0.669
0.707
0.611
0.762
0.741
0.688
0.647
0.848
0.577
0.807
0.677
0.872
0.832
0.811
0.573
0.486
0.395
0.653
0.523
0.912
0.497
0.349
0.442
0.951
0.809
0.605
0.468
0.811
0.941
0.811
0.394
0.869
0.766
0.84
0.647
0.918
0.833
0.664
0.707
0.851
0.638
0.633
0.79
0.823
0.798
0.748
0.556
0.469
0.383
0.671
0.25
0.864
0.503
0.348
0.729
0.806
0.71
0.627
0.283
0.852
0.639
0.864
0.458
0.92
0.915
0.678
0.615
0.865
0.802
0.479
0.544
0.902
0.796
0.512
0.584
0.855
0.82
0.734
0.517
0.497
0.381
0.663
0.59
0.861
0.534
0.34
0.653
0.784
0.708
0.627
0.595
0.918
0.724
0.794
0.619
0.947
0.745
0.655
0.651
0.858
0.818
0.804
0.63
0.836
0.802
0.87
0.494
0.832
0.784
0.787
0.644
0.506
0.388
0.523
0.41
0.856
0.582
0.329
0.409
0.795
0.724
0.6
0.448
0.726
0.948
0.822
0.461
0.844
0.675
0.712
0.623
0.937
0.897
0.833
0.671
0.856
0.686
0.661
0.588
0.876
0.828
0.694
0.421
0.449
0.36
0.567
0.445
0.846
0.492
0.319
0.379
0.863
0.8
0.63
0.408
0.816
0.962
0.741
0.319
0.734
0.69
0.854
0.635
0.782
0.68
0.518
0.66
0.848
0.667
0.778
0.8
0.827
0.783
0.734
0.477
0.462
0.342
0.797
0.549
0.844
0.509
0.301
0.408
0.86
0.778
0.632
0.455
0.788
0.91
0.742
0.387
0.769
0.897
0.737
0.618
0.824
0.616
0.553
0.604
0.853
0.855
0.552
0.721
0.823
0.776
0.725
0.512
0.441
0.344
0.808
0.545
0.911
0.488
0.301
0.741
0.816
0.623
0.574
0.532
0.85
0.612
0.771
0.537
0.767
0.574
0.646
0.647
0.866
0.865
0.756
0.394
0.829
0.86
0.748
0.524
0.876
0.8
0.7
0.591
0.451
0.341
0.647
0.54
0.794
0.472
0.304
0.622
0.848
0.763
0.603
0.528
0.785
0.79
0.782
0.482
0.784
0.7
0.709
0.56
0.869
0.798
0.77
0.549
0.829
0.656
0.79
0.653
0.799
0.774
0.639
0.433
0.453
0.363
0.724
0.373
0.849
0.505
0.317
0.549
0.795
0.745
0.512
0.531
0.738
0.887
0.765
0.414
0.774
0.751
0.738
0.643
0.835
0.839
0.811
0.72
0.818
0.742
0.662
0.779
0.776
0.769
0.689
0.675