[0][0][0][0]:0.071
[0][0][0][1]:0.224
[0][0][0][2]:0.35
[0][0][1][0]:0.094
[0][0][1][1]:0.268
[0][0][1][2]:0.454
[0][0][2][0]:0.036
[0][0][2][1]:0.178
[0][0][2][2]:0.34
[0][0][3][0]:0.02
[0][0][3][1]:0.161
[0][0][3][2]:0.298
[0][0][4][0]:0.049
[0][0][4][1]:0.095
[0][0][4][2]:0.236
[0][1][0][0]:0.155
[0][1][0][1]:0.469
[0][1][0][2]:0.7
[0][1][1][0]:0.113
[0][1][1][1]:0.498
[0][1][1][2]:0.525
[0][1][2][0]:0.081
[0][1][2][1]:0.472
[0][1][2][2]:0.507
[0][1][3][0]:0.068
[0][1][3][1]:0.203
[0][1][3][2]:0.444
[0][1][4][0]:0.029
[0][1][4][1]:0.148
[0][1][4][2]:0.336
[0][2][0][0]:0.172
[0][2][0][1]:0.577
[0][2][0][2]:0.702
[0][2][1][0]:0.123
[0][2][1][1]:0.455
[0][2][1][2]:0.636
[0][2][2][0]:0.102
[0][2][2][1]:0.314
[0][2][2][2]:0.545
[0][2][3][0]:0.073
[0][2][3][1]:0.229
[0][2][3][2]:0.483
[0][2][4][0]:0.057
[0][2][4][1]:0.147
[0][2][4][2]:0.305
[0][3][0][0]:0.37
[0][3][0][1]:0.609
[0][3][0][2]:0.734
[0][3][1][0]:0.25
[0][3][1][1]:0.475
[0][3][1][2]:0.713
[0][3][2][0]:0.168
[0][3][2][1]:0.448
[0][3][2][2]:0.587
[0][3][3][0]:0.113
[0][3][3][1]:0.33
[0][3][3][2]:0.549
[0][3][4][0]:0.027
[0][3][4][1]:0.26
[0][3][4][2]:0.421
[0][4][0][0]:0.364
[0][4][0][1]:0.704
[0][4][0][2]:0.849
[0][4][1][0]:0.349
[0][4][1][1]:0.635
[0][4][1][2]:0.686
[0][4][2][0]:0.139
[0][4][2][1]:0.505
[0][4][2][2]:0.659
[0][4][3][0]:0.111
[0][4][3][1]:0.296
[0][4][3][2]:0.486
[0][4][4][0]:0.083
[0][4][4][1]:0.27
[0][4][4][2]:0.468
[0][5][0][0]:0.7
[0][5][0][1]:0.825
[0][5][0][2]:0.398
[0][5][1][0]:0.22
[0][5][1][1]:0.851
[0][5][1][2]:0.835
[0][5][2][0]:0.359
[0][5][2][1]:0.625
[0][5][2][2]:0.476
[0][5][3][0]:0.089
[0][5][3][1]:0.449
[0][5][3][2]:0.665
[0][5][4][0]:0.158
[0][5][4][1]:0.565
[0][5][4][2]:0.343
[1][0][0][0]:0.075
[1][0][0][1]:0.225
[1][0][0][2]:0.348
[1][0][1][0]:0.054
[1][0][1][1]:0.205
[1][0][1][2]:0.342
[1][0][2][0]:0.05
[1][0][2][1]:0.2
[1][0][2][2]:0.329
[1][0][3][0]:0.019
[1][0][3][1]:0.182
[1][0][3][2]:0.311
[1][0][4][0]:0.025
[1][0][4][1]:0.12
[1][0][4][2]:0.212
[1][1][0][0]:0.146
[1][1][0][1]:0.345
[1][1][0][2]:0.51
[1][1][1][0]:0.115
[1][1][1][1]:0.35
[1][1][1][2]:0.5
[1][1][2][0]:0.08
[1][1][2][1]:0.346
[1][1][2][2]:0.49
[1][1][3][0]:0.045
[1][1][3][1]:0.253
[1][1][3][2]:0.391
[1][1][4][0]:0.047
[1][1][4][1]:0.152
[1][1][4][2]:0.317
[1][2][0][0]:0.2
[1][2][0][1]:0.5
[1][2][0][2]:0.695
[1][2][1][0]:0.246
[1][2][1][1]:0.51
[1][2][1][2]:0.782
[1][2][2][0]:0.132
[1][2][2][1]:0.5
[1][2][2][2]:0.655
[1][2][3][0]:0.15
[1][2][3][1]:0.482
[1][2][3][2]:0.581
[1][2][4][0]:0.139
[1][2][4][1]:0.368
[1][2][4][2]:0.465
[1][3][0][0]:0.242
[1][3][0][1]:0.481
[1][3][0][2]:0.71
[1][3][1][0]:0.302
[1][3][1][1]:0.581
[1][3][1][2]:0.771
[1][3][2][0]:0.328
[1][3][2][1]:0.607
[1][3][2][2]:0.864
[1][3][3][0]:0.305
[1][3][3][1]:0.61
[1][3][3][2]:0.786
[1][3][4][0]:0.04
[1][3][4][1]:0.499
[1][3][4][2]:0.704
[1][4][0][0]:0.238
[1][4][0][1]:0.552
[1][4][0][2]:0.805
[1][4][1][0]:0.249
[1][4][1][1]:0.55
[1][4][1][2]:0.791
[1][4][2][0]:0.084
[1][4][2][1]:0.35
[1][4][2][2]:0.642
[1][4][3][0]:0.114
[1][4][3][1]:0.22
[1][4][3][2]:0.547
[1][4][4][0]:0.035
[1][4][4][1]:0.211
[1][4][4][2]:0.751
[1][5][0][0]:0.572
[1][5][0][1]:0.8
[1][5][0][2]:0.868
[1][5][1][0]:0.101
[1][5][1][1]:0.326
[1][5][1][2]:0.777
[1][5][2][0]:0.351
[1][5][2][1]:0.776
[1][5][2][2]:0.656
[1][5][3][0]:0.022
[1][5][3][1]:0.142
[1][5][3][2]:0.608
[1][5][4][0]:0.061
[1][5][4][1]:0.294
[1][5][4][2]:0.643
[2][0][0][0]:0.1
[2][0][0][1]:0.2
[2][0][0][2]:0.559
[2][0][1][0]:0.119
[2][0][1][1]:0.269
[2][0][1][2]:0.482
[2][0][2][0]:0.063
[2][0][2][1]:0.22
[2][0][2][2]:0.373
[2][0][3][0]:0.024
[2][0][3][1]:0.131
[2][0][3][2]:0.327
[2][0][4][0]:0.001
[2][0][4][1]:0.126
[2][0][4][2]:0.227
[2][1][0][0]:0.015
[2][1][0][1]:0.294
[2][1][0][2]:0.45
[2][1][1][0]:0.015
[2][1][1][1]:0.298
[2][1][1][2]:0.45
[2][1][2][0]:0.017
[2][1][2][1]:0.207
[2][1][2][2]:0.425
[2][1][3][0]:0.007
[2][1][3][1]:0.125
[2][1][3][2]:0.415
[2][1][4][0]:0.002
[2][1][4][1]:0.1
[2][1][4][2]:0.34
[2][2][0][0]:0.109
[2][2][0][1]:0.477
[2][2][0][2]:0.612
[2][2][1][0]:0.197
[2][2][1][1]:0.501
[2][2][1][2]:0.617
[2][2][2][0]:0.156
[2][2][2][1]:0.354
[2][2][2][2]:0.639
[2][2][3][0]:0.06
[2][2][3][1]:0.283
[2][2][3][2]:0.531
[2][2][4][0]:0.04
[2][2][4][1]:0.208
[2][2][4][2]:0.393
[2][3][0][0]:0.236
[2][3][0][1]:0.524
[2][3][0][2]:0.736
[2][3][1][0]:0.22
[2][3][1][1]:0.555
[2][3][1][2]:0.745
[2][3][2][0]:0.248
[2][3][2][1]:0.492
[2][3][2][2]:0.698
[2][3][3][0]:0.229
[2][3][3][1]:0.497
[2][3][3][2]:0.636
[2][3][4][0]:0.1
[2][3][4][1]:0.4
[2][3][4][2]:0.5
[2][4][0][0]:0.26
[2][4][0][1]:0.54
[2][4][0][2]:0.739
[2][4][1][0]:0.3
[2][4][1][1]:0.594
[2][4][1][2]:0.742
[2][4][2][0]:0.323
[2][4][2][1]:0.633
[2][4][2][2]:0.801
[2][4][3][0]:0.366
[2][4][3][1]:0.582
[2][4][3][2]:0.751
[2][4][4][0]:0.273
[2][4][4][1]:0.492
[2][4][4][2]:0.658
[2][5][0][0]:0.285
[2][5][0][1]:0.635
[2][5][0][2]:0.819
[2][5][1][0]:0.432
[2][5][1][1]:0.728
[2][5][1][2]:0.869
[2][5][2][0]:0.461
[2][5][2][1]:0.748
[2][5][2][2]:0.883
[2][5][3][0]:0.46
[2][5][3][1]:0.742
[2][5][3][2]:0.9
[2][5][4][0]:0.333
[2][5][4][1]:0.555
[2][5][4][2]:0.842
[3][0][0][0]:0.174
[3][0][0][1]:0.353
[3][0][0][2]:0.506
[3][0][1][0]:0.138
[3][0][1][1]:0.336
[3][0][1][2]:0.462
[3][0][2][0]:0.066
[3][0][2][1]:0.26
[3][0][2][2]:0.396
[3][0][3][0]:0.054
[3][0][3][1]:0.15
[3][0][3][2]:0.335
[3][0][4][0]:0.037
[3][0][4][1]:0.124
[3][0][4][2]:0.268
[3][1][0][0]:0.197
[3][1][0][1]:0.284
[3][1][0][2]:0.453
[3][1][1][0]:0.182
[3][1][1][1]:0.219
[3][1][1][2]:0.407
[3][1][2][0]:0.049
[3][1][2][1]:0.142
[3][1][2][2]:0.381
[3][1][3][0]:0.095
[3][1][3][1]:0.204
[3][1][3][2]:0.394
[3][1][4][0]:0.074
[3][1][4][1]:0.221
[3][1][4][2]:0.344
[3][2][0][0]:0.004
[3][2][0][1]:0.324
[3][2][0][2]:0.49
[3][2][1][0]:0.026
[3][2][1][1]:0.21
[3][2][1][2]:0.497
[3][2][2][0]:0.013
[3][2][2][1]:0.222
[3][2][2][2]:0.413
[3][2][3][0]:0.079
[3][2][3][1]:0.3
[3][2][3][2]:0.422
[3][2][4][0]:0.053
[3][2][4][1]:0.289
[3][2][4][2]:0.447
[3][3][0][0]:0.277
[3][3][0][1]:0.434
[3][3][0][2]:0.523
[3][3][1][0]:0.202
[3][3][1][1]:0.418
[3][3][1][2]:0.569
[3][3][2][0]:0.188
[3][3][2][1]:0.421
[3][3][2][2]:0.568
[3][3][3][0]:0.23
[3][3][3][1]:0.411
[3][3][3][2]:0.527
[3][3][4][0]:0.144
[3][3][4][1]:0.349
[3][3][4][2]:0.46
[3][4][0][0]:0.34
[3][4][0][1]:0.6
[3][4][0][2]:0.8
[3][4][1][0]:0.341
[3][4][1][1]:0.575
[3][4][1][2]:0.7
[3][4][2][0]:0.342
[3][4][2][1]:0.421
[3][4][2][2]:0.65
[3][4][3][0]:0.26
[3][4][3][1]:0.381
[3][4][3][2]:0.582
[3][4][4][0]:0.106
[3][4][4][1]:0.287
[3][4][4][2]:0.455
[3][5][0][0]:0.361
[3][5][0][1]:0.637
[3][5][0][2]:0.8
[3][5][1][0]:0.355
[3][5][1][1]:0.583
[3][5][1][2]:0.817
[3][5][2][0]:0.426
[3][5][2][1]:0.586
[3][5][2][2]:0.802
[3][5][3][0]:0.455
[3][5][3][1]:0.603
[3][5][3][2]:0.803
[3][5][4][0]:0.28
[3][5][4][1]:0.584
[3][5][4][2]:0.784
[4][0][0][0]:0.15
[4][0][0][1]:0.475
[4][0][0][2]:0.578
[4][0][1][0]:0.142
[4][0][1][1]:0.252
[4][0][1][2]:0.421
[4][0][2][0]:0.037
[4][0][2][1]:0.253
[4][0][2][2]:0.419
[4][0][3][0]:0.033
[4][0][3][1]:0.171
[4][0][3][2]:0.345
[4][0][4][0]:0.012
[4][0][4][1]:0.115
[4][0][4][2]:0.226
[4][1][0][0]:0.091
[4][1][0][1]:0.296
[4][1][0][2]:0.445
[4][1][1][0]:0.196
[4][1][1][1]:0.35
[4][1][1][2]:0.416
[4][1][2][0]:0.061
[4][1][2][1]:0.219
[4][1][2][2]:0.438
[4][1][3][0]:0.079
[4][1][3][1]:0.212
[4][1][3][2]:0.424
[4][1][4][0]:0.042
[4][1][4][1]:0.188
[4][1][4][2]:0.335
[4][2][0][0]:0.117
[4][2][0][1]:0.348
[4][2][0][2]:0.52
[4][2][1][0]:0.147
[4][2][1][1]:0.382
[4][2][1][2]:0.495
[4][2][2][0]:0.11
[4][2][2][1]:0.33
[4][2][2][2]:0.476
[4][2][3][0]:0.156
[4][2][3][1]:0.35
[4][2][3][2]:0.475
[4][2][4][0]:0.062
[4][2][4][1]:0.255
[4][2][4][2]:0.425
[4][3][0][0]:0.255
[4][3][0][1]:0.615
[4][3][0][2]:0.697
[4][3][1][0]:0.263
[4][3][1][1]:0.559
[4][3][1][2]:0.72
[4][3][2][0]:0.235
[4][3][2][1]:0.577
[4][3][2][2]:0.729
[4][3][3][0]:0.185
[4][3][3][1]:0.44
[4][3][3][2]:0.679
[4][3][4][0]:0.071
[4][3][4][1]:0.292
[4][3][4][2]:0.512
[4][4][0][0]:0.332
[4][4][0][1]:0.634
[4][4][0][2]:0.769
[4][4][1][0]:0.246
[4][4][1][1]:0.56
[4][4][1][2]:0.717
[4][4][2][0]:0.286
[4][4][2][1]:0.548
[4][4][2][2]:0.755
[4][4][3][0]:0.248
[4][4][3][1]:0.534
[4][4][3][2]:0.706
[4][4][4][0]:0.138
[4][4][4][1]:0.363
[4][4][4][2]:0.497
[4][5][0][0]:0.555
[4][5][0][1]:0.777
[4][5][0][2]:0.999
[4][5][1][0]:0.41
[4][5][1][1]:0.624
[4][5][1][2]:0.867
[4][5][2][0]:0.278
[4][5][2][1]:0.544
[4][5][2][2]:0.738
[4][5][3][0]:0.234
[4][5][3][1]:0.402
[4][5][3][2]:0.623
[4][5][4][0]:0.206
[4][5][4][1]:0.4
[4][5][4][2]:0.572